397158.0	377963.0	123509.0	443712.0	237469.0	1375506.0	859670.0	1289574.0	6518.0	25759.0	23367.0	113069.0	27328.0	33745.0	250356.0	553293.0	60750.0	41893.0
359244.0	342122.0	116261.0	402829.0	216058.0	1272833.0	791197.0	1175187.0	6450.0	25328.0	22986.0	110637.0	26875.0	31425.0	234159.0	498802.0	59331.0	40959.0
337723.0	321780.0	112147.0	379623.0	203906.0	1044872.0	639168.0	921220.0	6241.0	24006.0	21818.0	103182.0	25483.0	26372.0	198882.0	411906.0	46737.0	32664.0
344925.0	328587.0	113524.0	387389.0	207972.0	1068633.0	655015.0	947692.0	6247.0	24048.0	21855.0	103414.0	25527.0	28298.0	212327.0	455642.0	48712.0	33965.0
402407.0	382925.0	124512.0	449372.0	240433.0	1310209.0	816123.0	1216827.0	6371.0	24828.0	22544.0	107815.0	26348.0	31048.0	231530.0	540913.0	63963.0	44010.0
417962.0	397628.0	127486.0	466144.0	249217.0	1420702.0	889811.0	1339925.0	6513.0	25725.0	23337.0	112873.0	27292.0	34395.0	254898.0	583644.0	72134.0	49391.0
384069.0	365589.0	121007.0	429598.0	230077.0	1306372.0	813564.0	1212552.0	6125.0	23274.0	21171.0	99050.0	24712.0	30504.0	227732.0	529030.0	61831.0	42606.0
312084.0	297543.0	107246.0	351976.0	189427.0	987288.0	600765.0	857067.0	6167.0	23541.0	21407.0	100556.0	24993.0	24803.0	187933.0	383061.0	46990.0	32831.0
256349.0	244858.0	96591.0	291878.0	157953.0	791089.0	469919.0	638485.0	5984.0	22387.0	20387.0	94049.0	23779.0	20978.0	161223.0	329974.0	35602.0	25331.0
267363.0	255269.0	98697.0	303754.0	164173.0	842381.0	504126.0	695629.0	5993.0	22443.0	20437.0	94367.0	23838.0	21596.0	165542.0	341549.0	37598.0	26645.0
227289.0	217388.0	91036.0	260543.0	141542.0	683590.0	398227.0	518722.0	5834.0	21440.0	19550.0	88705.0	22781.0	17978.0	140283.0	270912.0	29181.0	21102.0
176064.0	168965.0	81243.0	205306.0	112615.0	553751.0	311637.0	374072.0	5753.0	20928.0	19097.0	85817.0	22242.0	15779.0	124929.0	216716.0	22464.0	16678.0
238285.0	227782.0	93138.0	272399.0	147752.0	710190.0	415967.0	548357.0	5867.0	21650.0	19736.0	89892.0	23003.0	20277.0	156333.0	277274.0	51246.0	35634.0
322252.0	307155.0	109189.0	362940.0	195169.0	1039434.0	635542.0	915162.0	5913.0	21938.0	19990.0	91515.0	23306.0	25986.0	196186.0	430942.0	52591.0	36520.0
343293.0	327045.0	113212.0	385629.0	207051.0	1140325.0	702827.0	1027563.0	6325.0	24538.0	22288.0	106181.0	26043.0	28640.0	214718.0	472053.0	57402.0	39689.0
283866.0	270869.0	101851.0	321549.0	173492.0	888917.0	535161.0	747474.0	6099.0	23114.0	21029.0	98147.0	24543.0	23463.0	178574.0	353933.0	43564.0	30575.0
269606.0	257389.0	99125.0	306173.0	165439.0	823960.0	491841.0	675107.0	6026.0	22653.0	20622.0	95549.0	24059.0	21604.0	165597.0	328290.0	40610.0	28629.0
305763.0	291568.0	106037.0	345161.0	185857.0	908252.0	548056.0	769014.0	6032.0	22690.0	20655.0	95755.0	24097.0	23532.0	179055.0	353507.0	42987.0	30194.0
285593.0	272502.0	102182.0	323412.0	174467.0	891168.0	536663.0	749982.0	6028.0	22664.0	20632.0	95611.0	24070.0	22785.0	173844.0	350723.0	39773.0	28078.0
236382.0	225983.0	92774.0	270348.0	146677.0	755841.0	446412.0	599216.0	5824.0	21373.0	19491.0	88331.0	22712.0	19178.0	148657.0	279240.0	32601.0	23354.0
217188.0	207839.0	89105.0	249650.0	135838.0	659211.0	381969.0	491562.0	5583.0	19851.0	18146.0	79745.0	21109.0	17574.0	137461.0	263549.0	25407.0	18616.0
231906.0	221752.0	91918.0	265521.0	144149.0	767911.0	454462.0	612663.0	6040.0	22740.0	20699.0	96037.0	24150.0	21717.0	166385.0	303164.0	38894.0	27499.0
219186.0	209728.0	89487.0	251805.0	136967.0	754642.0	445612.0	597880.0	6037.0	22722.0	20683.0	95939.0	24131.0	21858.0	167369.0	261734.0	29221.0	21128.0
245523.0	234624.0	94521.0	280204.0	151839.0	789721.0	469007.0	636961.0	5982.0	22371.0	20373.0	93958.0	23762.0	21460.0	164589.0	309533.0	39834.0	28118.0
293921.0	280374.0	103774.0	332392.0	179170.0	974004.0	591906.0	842268.0	6182.0	23639.0	21494.0	101111.0	25097.0	25833.0	195123.0	391425.0	45786.0	32038.0
274496.0	262012.0	100060.0	311446.0	168201.0	934274.0	565410.0	798005.0	6134.0	23331.0	21222.0	99376.0	24773.0	24274.0	184234.0	376497.0	40665.0	28665.0
227866.0	217933.0	91146.0	261165.0	141868.0	737299.0	434046.0	578558.0	5905.0	21888.0	19946.0	91233.0	23253.0	19996.0	154372.0	287043.0	34069.0	24321.0
188492.0	180713.0	83619.0	218708.0	119633.0	606777.0	347001.0	433147.0	5510.0	19390.0	17738.0	77146.0	20624.0	15640.0	123960.0	244072.0	22734.0	16856.0
235695.0	225333.0	92643.0	269606.0	146289.0	829391.0	495463.0	681157.0	5997.0	22471.0	20461.0	94522.0	23867.0	21018.0	161508.0	338756.0	40226.0	28376.0
277096.0	264469.0	100557.0	314249.0	169669.0	982391.0	597499.0	851611.0	6187.0	23669.0	21520.0	101281.0	25128.0	24369.0	184902.0	412387.0	47094.0	32900.0
287809.0	274596.0	102605.0	325801.0	175718.0	964298.0	585433.0	831454.0	6100.0	23116.0	21031.0	98158.0	24546.0	24007.0	182374.0	389322.0	44808.0	31394.0
256977.0	245586.0	99258.0	293382.0	159013.0	951978.0	575278.0	809563.0	5483.0	20456.0	18632.0	85731.0	21729.0	17862.0	135046.0	329157.0	35969.0	25597.0
328319.0	313025.0	112896.0	370310.0	199301.0	1243928.0	769981.0	1134819.0	5654.0	21536.0	19587.0	91821.0	22865.0	21874.0	163053.0	425666.0	53119.0	36893.0
332175.0	316671.0	113634.0	374468.0	201479.0	1358923.0	846672.0	1262933.0	5698.0	21813.0	19832.0	93386.0	23157.0	23480.0	174271.0	454044.0	53566.0	37187.0
246203.0	235402.0	97199.0	281765.0	152929.0	946979.0	571944.0	803994.0	5261.0	19052.0	17392.0	77815.0	20251.0	16740.0	127211.0	332367.0	39116.0	27670.0
275814.0	263393.0	102859.0	313693.0	169651.0	957491.0	578955.0	815706.0	5437.0	20162.0	18373.0	84076.0	21420.0	17537.0	132777.0	339620.0	42602.0	29966.0
300662.0	286881.0	107609.0	340487.0	183682.0	1146812.0	705214.0	1026625.0	5557.0	20921.0	19043.0	88353.0	22218.0	19815.0	148683.0	397605.0	43738.0	30714.0
310364.0	296053.0	109464.0	350950.0	189162.0	1134351.0	696904.0	1012742.0	5663.0	21590.0	19634.0	92127.0	22922.0	20747.0	155188.0	393795.0	46310.0	32408.0
296670.0	283108.0	106846.0	336183.0	181428.0	1131076.0	694720.0	1009094.0	5605.0	21226.0	19313.0	90073.0	22539.0	20735.0	155103.0	382719.0	44268.0	31063.0
305643.0	291590.0	108562.0	345859.0	186496.0	1164775.0	717194.0	1046637.0	5645.0	21477.0	19535.0	91493.0	22804.0	21550.0	160793.0	396672.0	46074.0	32252.0
240226.0	229752.0	96056.0	275320.0	149554.0	853974.0	509919.0	700379.0	5404.0	19956.0	18190.0	82912.0	21203.0	16781.0	127501.0	297117.0	39615.0	27998.0
208984.0	200219.0	90084.0	241631.0	131911.0	796392.0	471517.0	636228.0	5184.0	18567.0	16963.0	75076.0	19740.0	15131.0	115977.0	276687.0	35952.0	25586.0
247218.0	236362.0	97393.0	282859.0	153502.0	875959.0	524580.0	724872.0	5425.0	20088.0	18307.0	83655.0	21341.0	16826.0	127813.0	300339.0	36255.0	25786.0
279711.0	267077.0	103604.0	317896.0	171852.0	1048713.0	639791.0	917334.0	5549.0	20870.0	18998.0	88065.0	22164.0	19081.0	143557.0	370101.0	40817.0	28790.0
240816.0	230310.0	96169.0	275956.0	149887.0	903161.0	542722.0	755177.0	5427.0	20099.0	18317.0	83721.0	21354.0	16744.0	127240.0	322332.0	35310.0	25163.0
210882.0	202014.0	90446.0	243678.0	132983.0	788872.0	466502.0	627851.0	5356.0	19651.0	17920.0	81188.0	20881.0	15236.0	116713.0	289671.0	26756.0	19529.0
206666.0	198029.0	89641.0	239132.0	130602.0	769595.0	453646.0	606374.0	5345.0	19579.0	17857.0	80786.0	20806.0	15149.0	116105.0	279422.0	30640.0	22088.0
260240.0	248671.0	99882.0	296900.0	160856.0	980616.0	594377.0	841469.0	5433.0	20136.0	18350.0	83928.0	21392.0	18086.0	136610.0	346478.0	40353.0	28485.0
237361.0	227044.0	95508.0	272231.0	147936.0	879941.0	527236.0	729309.0	5162.0	18427.0	16839.0	74287.0	19593.0	15663.0	119695.0	317379.0	30707.0	22132.0
243603.0	232945.0	96702.0	278961.0	151461.0	886948.0	531910.0	737116.0	5410.0	19994.0	18224.0	83128.0	21243.0	16874.0	128149.0	307472.0	32359.0	23220.0
180199.0	173009.0	84581.0	210592.0	115656.0	602788.0	342401.0	420538.0	5315.0	19392.0	17692.0	79731.0	20609.0	12774.0	99526.0	232454.0	23207.0	17192.0
161125.0	154979.0	80935.0	190025.0	104885.0	561038.0	314558.0	374024.0	5239.0	18911.0	17267.0	77016.0	20102.0	12624.0	98480.0	215649.0	19673.0	14864.0
221034.0	211610.0	92387.0	254624.0	138716.0	811568.0	481638.0	653136.0	5354.0	19641.0	17912.0	81135.0	20871.0	15564.0	119002.0	299449.0	36762.0	26119.0
257923.0	246481.0	99439.0	294402.0	159547.0	910619.0	547695.0	763486.0	5442.0	20194.0	18401.0	84256.0	21454.0	17365.0	131579.0	341421.0	39418.0	27869.0
209537.0	200742.0	90189.0	242227.0	132223.0	730161.0	427347.0	562442.0	5282.0	19186.0	17510.0	78567.0	20392.0	14555.0	111955.0	274519.0	30849.0	22225.0
226057.0	216358.0	93347.0	260041.0	141553.0	873986.0	523265.0	722675.0	5204.0	18694.0	17075.0	75795.0	19874.0	15553.0	118924.0	322505.0	32696.0	23442.0
215696.0	206564.0	91367.0	248869.0	135701.0	782059.0	461958.0	620260.0	5325.0	19453.0	17746.0	80076.0	20673.0	14973.0	114875.0	299218.0	27356.0	19924.0
209551.0	200756.0	90192.0	242243.0	132232.0	755016.0	443923.0	590132.0	5308.0	19349.0	17654.0	79488.0	20563.0	14427.0	111065.0	279854.0	25645.0	18798.0
198274.0	190096.0	88036.0	230083.0	125863.0	675437.0	390852.0	501475.0	5258.0	19032.0	17374.0	77701.0	20230.0	12953.0	100777.0	262945.0	21685.0	16190.0
189208.0	181643.0	88506.0	221022.0	121354.0	581953.0	330643.0	406323.0	6335.0	22038.0	20179.0	86717.0	23447.0	12382.0	95291.0	236404.0	28637.0	20701.0
273920.0	261720.0	104700.0	312367.0	169192.0	885269.0	532926.0	744241.0	6478.0	22940.0	20975.0	91801.0	24395.0	17189.0	128850.0	380878.0	38289.0	27058.0
250210.0	239307.0	100168.0	286801.0	155803.0	819559.0	489103.0	671035.0	6409.0	22506.0	20592.0	89354.0	23939.0	15683.0	118340.0	356947.0	36842.0	26105.0
245332.0	234696.0	99235.0	281541.0	153048.0	754187.0	445506.0	598205.0	6187.0	21103.0	19352.0	81441.0	22462.0	14091.0	107226.0	319780.0	31673.0	22701.0
268800.0	256880.0	103721.0	306846.0	166300.0	825828.0	493284.0	678019.0	6426.0	22611.0	20685.0	89946.0	24049.0	16452.0	123705.0	352186.0	36028.0	25569.0
239567.0	229246.0	98133.0	275324.0	149792.0	802174.0	477510.0	651667.0	6447.0	22743.0	20802.0	90692.0	24189.0	16325.0	122821.0	326871.0	30773.0	22108.0
283392.0	270673.0	106511.0	322581.0	174541.0	891101.0	536815.0	750738.0	6518.0	23196.0	21202.0	93249.0	24666.0	18511.0	138078.0	366728.0	31554.0	22623.0
260972.0	249481.0	102225.0	298406.0	161880.0	873547.0	525108.0	731181.0	6526.0	23246.0	21246.0	93531.0	24718.0	18008.0	134572.0	352268.0	36597.0	25944.0
262685.0	251100.0	102552.0	300253.0	162847.0	841656.0	503840.0	695652.0	6464.0	22851.0	20897.0	91300.0	24302.0	17307.0	129675.0	346969.0	33535.0	23927.0
258970.0	247588.0	101842.0	296247.0	160749.0	830631.0	496487.0	683370.0	6422.0	22589.0	20665.0	89823.0	24026.0	16689.0	125361.0	345576.0	34684.0	24684.0
235328.0	225239.0	97323.0	270753.0	147398.0	733631.0	431798.0	575304.0	6210.0	21246.0	19479.0	82249.0	22613.0	14663.0	111220.0	302056.0	31151.0	22357.0
248853.0	238025.0	99908.0	285338.0	155036.0	787363.0	467632.0	635165.0	6434.0	22667.0	20734.0	90262.0	24108.0	16582.0	124614.0	327410.0	30788.0	22118.0
271742.0	259661.0	104284.0	310019.0	167962.0	951329.0	576981.0	817837.0	6531.0	23279.0	21276.0	93717.0	24753.0	18897.0	140779.0	403685.0	34035.0	24256.0
264959.0	253250.0	102987.0	302705.0	164132.0	850520.0	509751.0	705527.0	6436.0	22675.0	20742.0	90311.0	24117.0	16582.0	124611.0	352358.0	35693.0	25349.0
252988.0	241934.0	100699.0	289797.0	157371.0	793063.0	471433.0	641516.0	6418.0	22565.0	20644.0	89686.0	24001.0	15983.0	120429.0	328601.0	34282.0	24419.0
276600.0	264253.0	105212.0	315257.0	170705.0	879641.0	529173.0	737971.0	6500.0	23081.0	21101.0	92600.0	24545.0	18313.0	136697.0	357224.0	41992.0	29497.0
263324.0	251704.0	102675.0	300942.0	163208.0	924459.0	559062.0	787902.0	6579.0	23581.0	21542.0	95419.0	25071.0	19923.0	147937.0	361231.0	46164.0	32245.0
273408.0	261236.0	104602.0	311816.0	168903.0	969817.0	589312.0	838435.0	6406.0	22485.0	20573.0	89235.0	23917.0	20327.0	150762.0	387869.0	44309.0	31023.0
263006.0	251404.0	102614.0	300599.0	163029.0	931415.0	563701.0	795652.0	6598.0	23697.0	21644.0	96071.0	25192.0	20310.0	150639.0	361860.0	45143.0	31572.0
264836.0	253133.0	102964.0	302572.0	164062.0	808844.0	481957.0	659097.0	6473.0	22912.0	20951.0	91647.0	24367.0	16985.0	127428.0	340130.0	38956.0	27498.0
276915.0	264551.0	105273.0	315597.0	170883.0	850500.0	509738.0	705505.0	6462.0	22840.0	20887.0	91240.0	24291.0	16814.0	126235.0	379286.0	38995.0	27524.0
233188.0	223216.0	96913.0	268445.0	146190.0	780925.0	463338.0	627993.0	6437.0	22681.0	20747.0	90342.0	24123.0	15332.0	115887.0	330191.0	33030.0	23595.0
223480.0	214039.0	95058.0	257977.0	140708.0	708421.0	414985.0	547218.0	6355.0	22164.0	20290.0	87426.0	23579.0	14563.0	110516.0	291431.0	30413.0	21871.0
220585.0	211303.0	94504.0	254856.0	139073.0	693595.0	405097.0	530701.0	6318.0	21931.0	20084.0	86110.0	23333.0	14295.0	108650.0	286820.0	32820.0	23457.0
234984.0	224914.0	97257.0	270382.0	147204.0	784064.0	465431.0	631490.0	6210.0	21252.0	19484.0	82282.0	22619.0	14512.0	110160.0	339022.0	28698.0	20742.0
239814.0	229480.0	98180.0	275591.0	149932.0	787693.0	467852.0	635534.0	6411.0	22519.0	20604.0	89431.0	23953.0	15467.0	116827.0	334288.0	28754.0	20778.0
231453.0	221577.0	96582.0	266575.0	145210.0	721977.0	424025.0	562320.0	6365.0	22226.0	20345.0	87776.0	23644.0	14612.0	110860.0	301289.0	27510.0	19959.0
202806.0	194496.0	91105.0	235685.0	129033.0	623411.0	358291.0	452510.0	6305.0	21850.0	20012.0	85653.0	23248.0	12927.0	99099.0	264525.0	25478.0	18621.0
198381.0	190314.0	90260.0	230914.0	126534.0	603652.0	345114.0	430497.0	6303.0	21838.0	20002.0	85587.0	23236.0	13009.0	99667.0	245772.0	22908.0	16928.0
190871.0	183215.0	88824.0	222815.0	122293.0	556503.0	313670.0	377969.0	6274.0	21653.0	19838.0	84544.0	23041.0	12408.0	95473.0	231569.0	23279.0	17172.0
196164.0	188219.0	89836.0	228523.0	125282.0	599226.0	342162.0	425566.0	6271.0	21635.0	19822.0	84443.0	23022.0	12593.0	96767.0	257094.0	24174.0	17762.0
178991.0	171584.0	79035.0	207563.0	113501.0	506875.0	294868.0	382885.0	4934.0	16672.0	15300.0	63733.0	17750.0	11778.0	93962.0	276248.0	25715.0	18621.0
235081.0	224605.0	89758.0	268045.0	145175.0	663912.0	399597.0	557837.0	5183.0	18248.0	16693.0	72621.0	19409.0	15215.0	117953.0	341581.0	29472.0	21096.0
235403.0	224910.0	89819.0	268392.0	145357.0	646577.0	388036.0	538524.0	5177.0	18206.0	16656.0	72384.0	19365.0	15197.0	117832.0	336572.0	28880.0	20706.0
208539.0	199516.0	84684.0	239425.0	130187.0	582324.0	345185.0	466941.0	5182.0	18241.0	16687.0	72580.0	19401.0	14701.0	114367.0	297120.0	31917.0	22706.0
243286.0	232362.0	91326.0	276893.0	149809.0	741389.0	451266.0	644152.0	5266.0	18768.0	17153.0	75555.0	19956.0	16756.0	128712.0	353938.0	39868.0	27942.0
244894.0	233882.0	91634.0	278626.0	150717.0	731919.0	444951.0	633602.0	5237.0	18584.0	16990.0	74514.0	19762.0	16938.0	129983.0	346192.0	38298.0	26909.0
219293.0	209681.0	86740.0	251021.0	136260.0	640288.0	383841.0	531518.0	5124.0	17870.0	16359.0	70492.0	19011.0	14845.0	115370.0	313629.0	33612.0	23822.0
230014.0	219816.0	88789.0	262581.0	142314.0	658531.0	396008.0	551842.0	5004.0	17112.0	15689.0	66217.0	18213.0	14581.0	113528.0	339310.0	31427.0	22383.0
228543.0	218425.0	88508.0	260995.0	141483.0	672298.0	405189.0	567180.0	5219.0	18473.0	16892.0	73891.0	19646.0	16129.0	124336.0	330500.0	36095.0	25457.0
229240.0	219084.0	88641.0	261747.0	141877.0	665405.0	400592.0	559500.0	5193.0	18306.0	16744.0	72948.0	19470.0	15678.0	121191.0	340945.0	31579.0	22483.0
211214.0	202044.0	85195.0	242309.0	131697.0	631817.0	378192.0	522080.0	5151.0	18045.0	16513.0	71474.0	19195.0	14763.0	114803.0	319415.0	29274.0	20965.0
187897.0	180004.0	80738.0	217167.0	118530.0	533339.0	312517.0	412368.0	5097.0	17702.0	16211.0	69544.0	18834.0	13403.0	105307.0	279113.0	25852.0	18711.0
154053.0	148011.0	74268.0	180673.0	99418.0	427497.0	241931.0	294452.0	5039.0	17337.0	15888.0	67481.0	18449.0	11814.0	94215.0	243334.0	23601.0	17229.0
151838.0	145917.0	73844.0	178285.0	98167.0	512672.0	298734.0	389343.0	5122.0	17859.0	16349.0	70427.0	18999.0	13518.0	106109.0	264236.0	39986.0	28020.0
230176.0	219969.0	88820.0	262756.0	142405.0	780513.0	477359.0	687741.0	5114.0	17809.0	16305.0	70145.0	18947.0	17510.0	133981.0	375710.0	37243.0	26214.0
237137.0	226550.0	90151.0	270263.0	146337.0	700557.0	424035.0	598662.0	5275.0	18826.0	17204.0	75882.0	20017.0	16540.0	127210.0	322902.0	32245.0	22922.0
210832.0	201684.0	85122.0	241898.0	131482.0	572652.0	338735.0	456167.0	5119.0	17843.0	16335.0	70335.0	18982.0	13869.0	108560.0	295803.0	27593.0	19858.0
211763.0	202563.0	85300.0	242901.0	132007.0	581460.0	344609.0	465979.0	5097.0	17703.0	16212.0	69550.0	18836.0	13683.0	107262.0	305722.0	27843.0	20023.0
223105.0	213285.0	87468.0	255131.0	138412.0	629222.0	376462.0	519189.0	5098.0	17706.0	16214.0	69564.0	18838.0	14267.0	111339.0	324207.0	28930.0	20738.0
211213.0	202044.0	85195.0	242309.0	131697.0	593336.0	352529.0	479210.0	5106.0	17760.0	16261.0	69867.0	18895.0	14295.0	111535.0	303626.0	32895.0	23350.0
181612.0	174063.0	79536.0	210390.0	114981.0	505187.0	293742.0	381004.0	5044.0	17369.0	15916.0	67664.0	18484.0	12586.0	99605.0	267058.0	23962.0	17467.0
156072.0	149920.0	74654.0	182850.0	100558.0	452023.0	258287.0	321775.0	4887.0	16376.0	15038.0	62060.0	17438.0	11264.0	90373.0	243043.0	20169.0	14968.0
167613.0	160829.0	76860.0	195295.0	107076.0	456838.0	261498.0	327140.0	5030.0	17281.0	15838.0	67166.0	18391.0	12005.0	95544.0	243964.0	21047.0	15547.0
161465.0	155017.0	75685.0	188665.0	103603.0	429381.0	243187.0	296551.0	5009.0	17143.0	15717.0	66390.0	18246.0	11230.0	90136.0	245309.0	17473.0	13193.0
156337.0	150170.0	74704.0	183135.0	100708.0	441609.0	251342.0	310174.0	5022.0	17226.0	15790.0	66857.0	18333.0	11543.0	92324.0	250966.0	18102.0	13607.0
147701.0	142007.0	73054.0	173824.0	95831.0	399497.0	223257.0	263257.0	5011.0	17160.0	15732.0	66486.0	18264.0	11281.0	90488.0	228457.0	19751.0	14693.0
165688.0	159009.0	76492.0	193219.0	105988.0	439300.0	249802.0	307601.0	5014.0	17176.0	15745.0	66574.0	18280.0	11670.0	93207.0	240751.0	20652.0	15286.0
150690.0	144832.0	73625.0	177047.0	97519.0	401130.0	224346.0	265076.0	4989.0	17022.0	15610.0	65708.0	18119.0	11142.0	89521.0	228928.0	19573.0	14576.0
158849.0	152544.0	75185.0	185844.0	102126.0	430673.0	244049.0	297990.0	4877.0	16310.0	14980.0	61688.0	17368.0	10930.0	88043.0	239952.0	24354.0	17725.0
192008.0	183889.0	81524.0	221600.0	120851.0	540768.0	317471.0	420644.0	5062.0	17483.0	16016.0	68304.0	18603.0	13283.0	104466.0	284195.0	27221.0	19613.0
147542.0	141673.0	69592.0	172537.0	94790.0	385829.0	221851.0	280501.0	4538.0	14834.0	13650.0	54744.0	15806.0	9581.0	79309.0	228969.0	16625.0	12412.0
126158.0	121459.0	65504.0	149479.0	82714.0	308534.0	170303.0	194388.0	4486.0	14502.0	13357.0	52874.0	15457.0	8571.0	72257.0	207745.0	12677.0	9811.0
121760.0	117302.0	64663.0	144737.0	80231.0	294579.0	160996.0	178841.0	4473.0	14420.0	13284.0	52412.0	15370.0	8305.0	70404.0	205327.0	12334.0	9586.0
121408.0	116969.0	64596.0	144358.0	80032.0	295146.0	161375.0	179473.0	4487.0	14511.0	13365.0	52925.0	15466.0	8342.0	70659.0	205907.0	12944.0	9988.0
121320.0	116886.0	64579.0	144262.0	79982.0	299388.0	164204.0	184199.0	4473.0	14424.0	13287.0	52430.0	15374.0	8364.0	70816.0	205756.0	13176.0	10140.0
121850.0	117387.0	64680.0	144834.0	80282.0	309139.0	170706.0	195062.0	4403.0	13979.0	12895.0	49924.0	14906.0	8142.0	69267.0	209648.0	10982.0	8695.0
129876.0	124974.0	66215.0	153488.0	84814.0	338107.0	190026.0	227335.0	4491.0	14537.0	13387.0	53068.0	15493.0	8716.0	73271.0	213214.0	14115.0	10759.0
129672.0	124781.0	66176.0	153268.0	84699.0	340632.0	191709.0	230148.0	4505.0	14626.0	13466.0	53569.0	15586.0	8887.0	74467.0	215060.0	14581.0	11066.0
129045.0	124188.0	66056.0	152592.0	84344.0	325672.0	181733.0	213482.0	4499.0	14586.0	13431.0	53345.0	15545.0	8683.0	73039.0	215172.0	13059.0	10063.0
126161.0	121463.0	65505.0	149483.0	82716.0	330655.0	185056.0	219033.0	4504.0	14616.0	13457.0	53514.0	15576.0	8758.0	73569.0	212924.0	12296.0	9561.0
126790.0	122057.0	65625.0	150161.0	83071.0	310741.0	171775.0	196847.0	4494.0	14555.0	13403.0	53172.0	15512.0	8501.0	71771.0	209555.0	15721.0	11816.0
151681.0	145586.0	70383.0	177000.0	97127.0	410536.0	238329.0	308027.0	4504.0	14615.0	13456.0	53508.0	15575.0	9434.0	78282.0	233596.0	15922.0	11949.0
148734.0	142801.0	69820.0	173823.0	95463.0	378619.0	217043.0	272468.0	4432.0	14163.0	13057.0	50959.0	15099.0	8985.0	75147.0	226625.0	12972.0	10006.0
137750.0	132417.0	67720.0	161979.0	89260.0	337622.0	189702.0	226795.0	4494.0	14553.0	13401.0	53160.0	15510.0	8730.0	73372.0	218430.0	13073.0	10072.0
124205.0	119613.0	65131.0	147373.0	81611.0	305758.0	168452.0	191295.0	4482.0	14479.0	13336.0	52741.0	15432.0	8395.0	71033.0	209282.0	12523.0	9710.0
126487.0	121771.0	65567.0	149834.0	82900.0	326541.0	182312.0	214449.0	4499.0	14587.0	13432.0	53351.0	15546.0	8647.0	72788.0	210106.0	13997.0	10681.0
126718.0	121989.0	65611.0	150083.0	83031.0	318633.0	177038.0	205639.0	4487.0	14510.0	13364.0	52918.0	15465.0	8625.0	72634.0	211449.0	12388.0	9622.0
124404.0	119801.0	65169.0	147588.0	81724.0	334104.0	187356.0	222876.0	4489.0	14522.0	13374.0	52983.0	15477.0	8508.0	71817.0	218313.0	13706.0	10489.0
147889.0	142002.0	69658.0	172912.0	94986.0	391591.0	225694.0	286921.0	4500.0	14594.0	13437.0	53389.0	15553.0	9244.0	76958.0	232844.0	14574.0	11061.0
121823.0	117361.0	64675.0	144805.0	80266.0	300064.0	164654.0	184952.0	4406.0	13996.0	12909.0	50020.0	14924.0	8259.0	70083.0	206392.0	11722.0	9183.0
123428.0	118878.0	64982.0	146535.0	81172.0	305089.0	168005.0	190550.0	4476.0	14437.0	13299.0	52504.0	15388.0	8427.0	71254.0	207033.0	13312.0	10230.0
127840.0	123049.0	65825.0	151293.0	83664.0	314173.0	174064.0	200671.0	4474.0	14426.0	13289.0	52444.0	15376.0	8462.0	71500.0	210834.0	12941.0	9986.0
126091.0	121396.0	65491.0	149407.0	82676.0	310314.0	171490.0	196372.0	4473.0	14421.0	13285.0	52414.0	15371.0	8464.0	71514.0	209323.0	12708.0	9832.0
122174.0	117693.0	64742.0	145183.0	80464.0	305709.0	168419.0	191241.0	4484.0	14489.0	13345.0	52799.0	15443.0	8426.0	71250.0	207315.0	12754.0	9863.0
123622.0	119062.0	65019.0	146744.0	81282.0	304687.0	167738.0	190103.0	4473.0	14419.0	13284.0	52407.0	15369.0	8360.0	70789.0	209143.0	12085.0	9422.0
119223.0	114904.0	64178.0	142001.0	78798.0	289113.0	157351.0	172752.0	4455.0	14307.0	13184.0	51774.0	15251.0	8208.0	69722.0	203403.0	11952.0	9334.0
122448.0	117952.0	64795.0	145478.0	80619.0	339552.0	190989.0	228945.0	4408.0	14013.0	12924.0	50115.0	14942.0	8274.0	70186.0	219239.0	10934.0	8663.0
132982.0	127910.0	66809.0	156838.0	86568.0	355267.0	201470.0	246453.0	4497.0	14570.0	13417.0	53258.0	15528.0	8926.0	74738.0	220087.0	12883.0	9947.0
121690.0	117236.0	64650.0	144661.0	80191.0	302566.0	166323.0	187740.0	4474.0	14427.0	13291.0	52451.0	15378.0	8438.0	71334.0	206195.0	12041.0	9393.0
120550.0	116158.0	64432.0	143432.0	79547.0	293719.0	160423.0	177883.0	4468.0	14389.0	13256.0	52233.0	15337.0	8333.0	70600.0	204632.0	12346.0	9594.0
122481.0	117984.0	64801.0	145514.0	80638.0	298415.0	163555.0	183115.0	4468.0	14390.0	13257.0	52240.0	15338.0	8384.0	70956.0	206240.0	12001.0	9366.0
147748.0	142577.0	82950.0	177086.0	98598.0	332887.0	179707.0	192722.0	5163.0	16228.0	14981.0	57277.0	17308.0	16441.0	144176.0	245552.0	13660.0	10369.0
145815.0	140750.0	82581.0	175002.0	97507.0	330318.0	177993.0	189860.0	5153.0	16167.0	14928.0	56936.0	17244.0	16402.0	143904.0	244945.0	13308.0	10137.0
142452.0	137571.0	81938.0	171375.0	95607.0	341225.0	185267.0	202011.0	5100.0	15834.0	14633.0	55058.0	16894.0	16195.0	142459.0	250230.0	11814.0	9153.0
161777.0	155839.0	85632.0	192214.0	106521.0	425901.0	241738.0	296347.0	5213.0	16546.0	15262.0	59073.0	17643.0	17492.0	151514.0	281135.0	15879.0	11830.0
155048.0	149478.0	84346.0	184958.0	102721.0	386266.0	215306.0	252191.0	5212.0	16542.0	15258.0	59047.0	17638.0	17209.0	149537.0	260646.0	15222.0	11398.0
154110.0	148592.0	84167.0	183946.0	102191.0	368748.0	203622.0	232674.0	5189.0	16392.0	15126.0	58205.0	17481.0	16788.0	146599.0	258386.0	14896.0	11183.0
152590.0	147155.0	83876.0	182308.0	101333.0	353377.0	193371.0	215549.0	5177.0	16321.0	15064.0	57806.0	17407.0	16681.0	145855.0	254296.0	14288.0	10782.0
150123.0	144823.0	83404.0	179647.0	99940.0	345040.0	187812.0	206262.0	5169.0	16267.0	15016.0	57500.0	17350.0	16509.0	144652.0	251076.0	13788.0	10453.0
146496.0	141394.0	82711.0	175736.0	97891.0	333205.0	179918.0	193076.0	5160.0	16209.0	14964.0	57171.0	17288.0	16442.0	144183.0	245756.0	13867.0	10505.0
141914.0	137063.0	81835.0	170796.0	95304.0	324022.0	173794.0	182845.0	5098.0	15821.0	14622.0	54983.0	16880.0	16155.0	142183.0	244093.0	12107.0	9346.0
150377.0	145063.0	83453.0	179921.0	100083.0	345081.0	187839.0	206307.0	5167.0	16258.0	15008.0	57448.0	17340.0	16570.0	145077.0	251349.0	14407.0	10861.0
152920.0	147467.0	83939.0	182663.0	101519.0	348462.0	190094.0	210074.0	5168.0	16260.0	15009.0	57457.0	17342.0	16578.0	145134.0	252694.0	14208.0	10730.0
148824.0	143595.0	83156.0	178247.0	99206.0	337161.0	182557.0	197484.0	5159.0	16205.0	14961.0	57148.0	17284.0	16426.0	144075.0	247514.0	13686.0	10386.0
147039.0	141907.0	82815.0	176321.0	98198.0	331792.0	178977.0	191503.0	5166.0	16251.0	15001.0	57407.0	17332.0	16417.0	144008.0	244849.0	13882.0	10515.0
148881.0	143649.0	83167.0	178308.0	99238.0	344751.0	187619.0	205939.0	5168.0	16264.0	15013.0	57483.0	17346.0	16564.0	145033.0	248146.0	14479.0	10908.0
149622.0	144348.0	83309.0	179106.0	99656.0	340102.0	184518.0	200760.0	5153.0	16167.0	14927.0	56934.0	17244.0	16486.0	144495.0	248933.0	13485.0	10254.0
141240.0	136426.0	81706.0	170069.0	94923.0	320353.0	171347.0	178758.0	5094.0	15796.0	14599.0	54840.0	16853.0	16061.0	141524.0	242821.0	11363.0	8856.0
146522.0	141419.0	82716.0	175764.0	97906.0	330636.0	178205.0	190214.0	5162.0	16222.0	14976.0	57247.0	17302.0	16451.0	144246.0	244553.0	13638.0	10354.0
146367.0	141272.0	82686.0	175597.0	97818.0	329659.0	177554.0	189126.0	5159.0	16205.0	14961.0	57150.0	17284.0	16384.0	143777.0	244323.0	13681.0	10383.0
147159.0	142021.0	82838.0	176451.0	98266.0	334224.0	180598.0	194211.0	5161.0	16219.0	14973.0	57225.0	17298.0	16467.0	144360.0	244857.0	13793.0	10456.0
146582.0	141475.0	82728.0	175829.0	97940.0	331671.0	178896.0	191367.0	5159.0	16204.0	14960.0	57141.0	17283.0	16424.0	144062.0	244727.0	13523.0	10279.0
146815.0	141696.0	82772.0	176080.0	98071.0	335348.0	181348.0	195463.0	5163.0	16230.0	14983.0	57290.0	17310.0	16485.0	144484.0	245844.0	14071.0	10640.0
148005.0	142820.0	82999.0	177363.0	98743.0	342913.0	186393.0	203892.0	5157.0	16191.0	14949.0	57070.0	17269.0	16515.0	144692.0	249180.0	13325.0	10148.0
141928.0	137076.0	81838.0	170810.0	95312.0	326774.0	175630.0	185912.0	5099.0	15825.0	14625.0	55003.0	16884.0	16168.0	142274.0	245167.0	11571.0	8993.0
146664.0	141552.0	82743.0	175917.0	97986.0	332798.0	179647.0	192623.0	5163.0	16231.0	14984.0	57296.0	17311.0	16433.0	144120.0	244822.0	13859.0	10500.0
149256.0	144003.0	83239.0	178712.0	99450.0	342161.0	185892.0	203054.0	5165.0	16242.0	14994.0	57359.0	17323.0	16551.0	144946.0	247363.0	14140.0	10685.0
147034.0	141902.0	82814.0	176316.0	98195.0	332148.0	179214.0	191898.0	5160.0	16213.0	14968.0	57194.0	17293.0	16438.0	144157.0	245080.0	13560.0	10303.0
146527.0	141423.0	82717.0	175770.0	97909.0	331509.0	178788.0	191187.0	5160.0	16209.0	14964.0	57171.0	17288.0	16432.0	144114.0	244577.0	13699.0	10395.0
146209.0	141122.0	82656.0	175426.0	97729.0	328933.0	177069.0	188316.0	5158.0	16199.0	14956.0	57116.0	17278.0	16394.0	143849.0	244026.0	13628.0	10348.0
144946.0	139929.0	82415.0	174065.0	97016.0	325968.0	175092.0	185014.0	5147.0	16131.0	14896.0	56731.0	17206.0	16315.0	143297.0	243756.0	13118.0	10012.0
159036.0	153754.0	94611.0	192344.0	107607.0	474746.0	247390.0	237372.0	6726.0	20480.0	18958.0	69505.0	21861.0	19537.0	173550.0	299821.0	10716.0	8369.0
165914.0	160255.0	95926.0	199761.0	111491.0	487185.0	255685.0	251230.0	6780.0	20824.0	19263.0	71448.0	22224.0	19875.0	175905.0	302318.0	12896.0	9805.0
165788.0	160136.0	95902.0	199625.0	111419.0	486994.0	255557.0	251016.0	6778.0	20813.0	19252.0	71383.0	22212.0	19879.0	175936.0	302503.0	12881.0	9795.0
165871.0	160215.0	95918.0	199715.0	111466.0	486736.0	255385.0	250729.0	6778.0	20811.0	19251.0	71373.0	22210.0	19878.0	175927.0	302395.0	12884.0	9797.0
165947.0	160287.0	95933.0	199797.0	111510.0	486511.0	255236.0	250479.0	6779.0	20817.0	19256.0	71408.0	22216.0	19855.0	175768.0	302260.0	12876.0	9791.0
165942.0	160282.0	95932.0	199792.0	111507.0	486512.0	255236.0	250480.0	6779.0	20818.0	19257.0	71414.0	22218.0	19900.0	176080.0	302085.0	12896.0	9805.0
165743.0	160094.0	95894.0	199577.0	111394.0	490078.0	257614.0	254452.0	6776.0	20796.0	19238.0	71289.0	22194.0	19889.0	176003.0	303540.0	12829.0	9761.0
160565.0	155200.0	94904.0	193994.0	108470.0	479082.0	250281.0	242202.0	6727.0	20490.0	18967.0	69560.0	21872.0	19597.0	173965.0	301985.0	10752.0	8393.0
166269.0	160591.0	95994.0	200144.0	111691.0	488689.0	256688.0	252905.0	6779.0	20816.0	19256.0	71402.0	22215.0	19896.0	176055.0	303182.0	12939.0	9833.0
165876.0	160220.0	95919.0	199720.0	111469.0	486820.0	255442.0	250823.0	6777.0	20804.0	19245.0	71336.0	22203.0	19876.0	175913.0	302250.0	12872.0	9789.0
165676.0	160031.0	95881.0	199505.0	111356.0	487298.0	255760.0	251355.0	6779.0	20816.0	19256.0	71402.0	22215.0	19863.0	175821.0	302205.0	12999.0	9873.0
166019.0	160355.0	95946.0	199875.0	111550.0	490390.0	257823.0	254800.0	6779.0	20819.0	19258.0	71416.0	22218.0	19906.0	176122.0	303056.0	13003.0	9875.0
166252.0	160575.0	95991.0	200126.0	111682.0	488366.0	256473.0	252546.0	6780.0	20821.0	19259.0	71427.0	22220.0	19887.0	175988.0	303151.0	12933.0	9829.0
164730.0	159137.0	95700.0	198485.0	110822.0	487017.0	255573.0	251043.0	6774.0	20788.0	19231.0	71245.0	22186.0	19854.0	175760.0	303000.0	12664.0	9652.0
158831.0	153560.0	94572.0	192124.0	107491.0	474741.0	247386.0	237365.0	6725.0	20477.0	18956.0	69490.0	21859.0	19573.0	173796.0	299770.0	10598.0	8291.0
165588.0	159947.0	95864.0	199409.0	111306.0	486868.0	255473.0	250876.0	6777.0	20806.0	19247.0	71347.0	22205.0	19869.0	175864.0	301693.0	12836.0	9765.0
165576.0	159936.0	95862.0	199397.0	111300.0	486583.0	255283.0	250559.0	6778.0	20811.0	19251.0	71375.0	22210.0	19869.0	175869.0	302096.0	12874.0	9790.0
165966.0	160305.0	95936.0	199817.0	111520.0	487120.0	255642.0	251157.0	6778.0	20811.0	19251.0	71373.0	22210.0	19877.0	175924.0	302049.0	12877.0	9792.0
166719.0	161017.0	96080.0	200629.0	111945.0	490473.0	257878.0	254892.0	6781.0	20828.0	19266.0	71470.0	22228.0	19924.0	176252.0	302610.0	13146.0	9969.0
166287.0	160608.0	95998.0	200163.0	111701.0	488512.0	256570.0	252707.0	6778.0	20812.0	19252.0	71381.0	22212.0	19895.0	176046.0	302527.0	12908.0	9813.0
165055.0	159444.0	95762.0	198835.0	111006.0	487867.0	256140.0	251990.0	6774.0	20787.0	19230.0	71239.0	22185.0	19874.0	175901.0	303054.0	12477.0	9529.0
158924.0	153648.0	94590.0	192224.0	107543.0	475348.0	247791.0	238042.0	6726.0	20482.0	18960.0	69519.0	21864.0	19583.0	173870.0	299848.0	10713.0	8367.0
165706.0	160059.0	95887.0	199537.0	111373.0	486720.0	255375.0	250711.0	6778.0	20812.0	19251.0	71376.0	22211.0	19858.0	175788.0	301595.0	12843.0	9769.0
165728.0	160079.0	95891.0	199560.0	111385.0	485994.0	254891.0	249902.0	6777.0	20806.0	19247.0	71346.0	22205.0	19843.0	175687.0	301789.0	12895.0	9804.0
165568.0	159928.0	95860.0	199388.0	111295.0	485875.0	254811.0	249770.0	6778.0	20811.0	19251.0	71375.0	22210.0	19867.0	175850.0	302019.0	12901.0	9808.0
165612.0	159970.0	95869.0	199436.0	111320.0	485902.0	254830.0	249800.0	6778.0	20808.0	19249.0	71359.0	22207.0	19871.0	175881.0	301925.0	12889.0	9800.0
165577.0	159937.0	95862.0	199398.0	111300.0	485817.0	254773.0	249706.0	6777.0	20807.0	19248.0	71352.0	22206.0	19851.0	175740.0	301550.0	12873.0	9790.0
164373.0	158799.0	95632.0	198100.0	110621.0	483736.0	253385.0	247388.0	6772.0	20771.0	19216.0	71148.0	22168.0	19814.0	175484.0	301806.0	12531.0	9564.0
158682.0	153420.0	94544.0	191963.0	107407.0	473608.0	246630.0	236103.0	6724.0	20470.0	18950.0	69451.0	21851.0	19544.0	173599.0	299276.0	10688.0	8350.0
165970.0	160309.0	95937.0	199822.0	111523.0	487240.0	255722.0	251291.0	6778.0	20813.0	19253.0	71384.0	22212.0	19865.0	175840.0	302301.0	12917.0	9818.0
165832.0	160178.0	95911.0	199673.0	111445.0	486105.0	254965.0	250027.0	6777.0	20806.0	19246.0	71343.0	22204.0	19872.0	175889.0	302033.0	12857.0	9779.0
174375.0	168459.0	101406.0	210139.0	117339.0	528594.0	276715.0	269624.0	7636.0	23360.0	21616.0	79744.0	24933.0	19891.0	175706.0	339999.0	12876.0	9834.0
174095.0	168195.0	101352.0	209837.0	117181.0	527473.0	275967.0	268375.0	7637.0	23366.0	21621.0	79776.0	24939.0	19874.0	175584.0	339205.0	12886.0	9840.0
174042.0	168144.0	101342.0	209780.0	117151.0	527696.0	276116.0	268623.0	7637.0	23365.0	21620.0	79773.0	24938.0	19870.0	175560.0	339029.0	12929.0	9868.0
172923.0	167087.0	101128.0	208574.0	116519.0	526212.0	275126.0	266970.0	7631.0	23326.0	21586.0	79552.0	24897.0	19848.0	175404.0	339422.0	12661.0	9692.0
166830.0	161327.0	99964.0	202003.0	113078.0	514561.0	267356.0	253990.0	7584.0	23029.0	21323.0	77875.0	24584.0	19556.0	173365.0	337391.0	10675.0	8384.0
174136.0	168233.0	101360.0	209882.0	117204.0	527731.0	276139.0	268663.0	7636.0	23357.0	21613.0	79723.0	24929.0	19883.0	175651.0	339135.0	12935.0	9872.0
174019.0	168122.0	101338.0	209755.0	117138.0	526959.0	275624.0	267803.0	7636.0	23357.0	21613.0	79728.0	24930.0	19870.0	175563.0	339164.0	12931.0	9870.0
174054.0	168156.0	101345.0	209793.0	117158.0	527603.0	276054.0	268520.0	7635.0	23349.0	21606.0	79683.0	24922.0	19898.0	175754.0	339428.0	12997.0	9913.0
174052.0	168154.0	101344.0	209791.0	117157.0	527540.0	276012.0	268450.0	7637.0	23361.0	21616.0	79747.0	24934.0	19846.0	175393.0	339207.0	12949.0	9882.0
174155.0	168251.0	101364.0	209902.0	117215.0	527745.0	276148.0	268678.0	7636.0	23356.0	21612.0	79721.0	24929.0	19870.0	175560.0	339185.0	12928.0	9868.0
172968.0	167129.0	101137.0	208622.0	116545.0	528300.0	276519.0	269296.0	7633.0	23341.0	21599.0	79634.0	24912.0	19885.0	175664.0	339843.0	12668.0	9696.0
167080.0	161563.0	100011.0	202273.0	113220.0	516787.0	268841.0	256470.0	7584.0	23032.0	21326.0	77892.0	24587.0	19569.0	173459.0	337171.0	10682.0	8389.0
174464.0	168543.0	101423.0	210235.0	117390.0	531788.0	278845.0	273183.0	7637.0	23363.0	21619.0	79760.0	24936.0	19897.0	175749.0	340163.0	12959.0	9888.0
174298.0	168386.0	101391.0	210056.0	117296.0	529664.0	277428.0	270816.0	7637.0	23362.0	21617.0	79752.0	24935.0	19892.0	175712.0	339348.0	12932.0	9870.0
174167.0	168263.0	101366.0	209915.0	117222.0	528668.0	276764.0	269707.0	7636.0	23360.0	21616.0	79743.0	24933.0	19901.0	175779.0	339363.0	12895.0	9846.0
174149.0	168245.0	101363.0	209895.0	117212.0	527582.0	276040.0	268496.0	7636.0	23360.0	21616.0	79745.0	24933.0	19875.0	175593.0	339347.0	12995.0	9912.0
174086.0	168186.0	101351.0	209828.0	117176.0	528267.0	276497.0	269260.0	7637.0	23366.0	21621.0	79778.0	24939.0	19882.0	175642.0	339414.0	12992.0	9910.0
172874.0	167041.0	101119.0	208521.0	116492.0	526710.0	275458.0	267525.0	7632.0	23332.0	21591.0	79584.0	24903.0	19835.0	175314.0	339184.0	12698.0	9716.0
167022.0	161508.0	100000.0	202210.0	113187.0	515877.0	268233.0	255456.0	7585.0	23035.0	21328.0	77908.0	24590.0	19553.0	173349.0	337691.0	10797.0	8464.0
174458.0	168538.0	101422.0	210229.0	117386.0	530621.0	278067.0	271882.0	7637.0	23364.0	21619.0	79764.0	24937.0	19906.0	175811.0	339851.0	13001.0	9916.0
174896.0	168952.0	101506.0	210701.0	117633.0	532416.0	279263.0	273882.0	7637.0	23366.0	21621.0	79779.0	24940.0	19971.0	176266.0	340734.0	12963.0	9890.0
174415.0	168497.0	101414.0	210183.0	117362.0	530453.0	277954.0	271695.0	7637.0	23361.0	21617.0	79750.0	24934.0	19927.0	175960.0	340226.0	12947.0	9880.0
174584.0	168657.0	101446.0	210365.0	117457.0	530975.0	278302.0	272276.0	7638.0	23367.0	21622.0	79785.0	24941.0	19921.0	175917.0	340189.0	13087.0	9973.0
176150.0	170137.0	101745.0	212053.0	118342.0	536259.0	281827.0	278164.0	7638.0	23373.0	21627.0	79813.0	24946.0	19982.0	176339.0	341663.0	13025.0	9931.0
173565.0	167694.0	101251.0	209266.0	116882.0	528457.0	276623.0	269471.0	7632.0	23334.0	21593.0	79596.0	24905.0	19871.0	175564.0	340312.0	12625.0	9668.0
168056.0	162486.0	100198.0	203326.0	113771.0	519213.0	270459.0	259173.0	7584.0	23031.0	21325.0	77888.0	24587.0	19560.0	173398.0	339402.0	10750.0	8433.0
174146.0	168243.0	101362.0	209893.0	117210.0	528498.0	276651.0	269517.0	7636.0	23360.0	21616.0	79742.0	24933.0	19890.0	175699.0	339158.0	12978.0	9901.0
174072.0	168173.0	101348.0	209812.0	117168.0	527527.0	276003.0	268435.0	7636.0	23359.0	21615.0	79735.0	24931.0	19894.0	175724.0	339494.0	12910.0	9856.0
174106.0	168205.0	101355.0	209850.0	117188.0	527157.0	275756.0	268023.0	7636.0	23360.0	21616.0	79742.0	24933.0	19895.0	175731.0	339689.0	12949.0	9882.0
174144.0	168241.0	101362.0	209890.0	117209.0	527702.0	276120.0	268630.0	7636.0	23360.0	21616.0	79741.0	24933.0	19886.0	175671.0	339693.0	13007.0	9920.0
174495.0	168573.0	101429.0	210269.0	117407.0	530040.0	277679.0	271235.0	7640.0	23385.0	21638.0	79884.0	24959.0	19925.0	175944.0	339993.0	13430.0	10199.0
153501.0	148261.0	88662.0	184787.0	103125.0	395973.0	211154.0	218255.0	5769.0	17971.0	16603.0	62746.0	19172.0	13465.0	117197.0	317235.0	13506.0	10311.0
149400.0	144385.0	87879.0	180366.0	100810.0	381584.0	201557.0	202224.0	5706.0	17576.0	16254.0	60514.0	18755.0	13043.0	114253.0	314405.0	11414.0	8933.0
158935.0	153398.0	89701.0	190647.0	106194.0	392515.0	208848.0	214403.0	5771.0	17982.0	16613.0	62809.0	19184.0	13430.0	116953.0	315965.0	13829.0	10523.0
154181.0	148904.0	88792.0	185520.0	103509.0	392085.0	208561.0	213923.0	5770.0	17979.0	16610.0	62788.0	19180.0	13421.0	116888.0	315747.0	13821.0	10518.0
154265.0	148984.0	88809.0	185612.0	103557.0	392251.0	208671.0	214108.0	5772.0	17988.0	16618.0	62840.0	19190.0	13422.0	116897.0	316039.0	13843.0	10533.0
154224.0	148945.0	88801.0	185568.0	103534.0	392472.0	208819.0	214355.0	5768.0	17966.0	16599.0	62716.0	19166.0	13418.0	116866.0	315867.0	13835.0	10528.0
154549.0	149252.0	88863.0	185918.0	103717.0	394289.0	210031.0	216379.0	5772.0	17991.0	16621.0	62858.0	19193.0	13455.0	117125.0	316612.0	14115.0	10712.0
154925.0	149608.0	88935.0	186324.0	103930.0	400604.0	214242.0	223414.0	5767.0	17960.0	16594.0	62684.0	19160.0	13508.0	117494.0	318219.0	13971.0	10617.0
157297.0	151849.0	89388.0	188881.0	105269.0	411725.0	221659.0	235804.0	5721.0	17669.0	16336.0	61042.0	18854.0	13461.0	117168.0	324922.0	13019.0	9990.0
168831.0	162752.0	91593.0	201318.0	111782.0	427693.0	232308.0	253594.0	5790.0	18105.0	16721.0	63499.0	19313.0	13934.0	120469.0	327648.0	15258.0	11464.0
158170.0	152675.0	89555.0	189823.0	105762.0	400811.0	214380.0	223645.0	5778.0	18027.0	16653.0	63060.0	19231.0	13565.0	117896.0	317906.0	14512.0	10973.0
154881.0	149565.0	88926.0	186275.0	103905.0	397166.0	211950.0	219584.0	5772.0	17992.0	16622.0	62863.0	19194.0	13460.0	117160.0	316667.0	13974.0	10619.0
154802.0	149491.0	88911.0	186190.0	103860.0	397450.0	212139.0	219901.0	5773.0	17995.0	16624.0	62880.0	19197.0	13461.0	117167.0	317322.0	14046.0	10666.0
154732.0	149425.0	88898.0	186115.0	103820.0	397498.0	212170.0	219953.0	5772.0	17992.0	16622.0	62866.0	19194.0	13486.0	117344.0	317403.0	13950.0	10603.0
153720.0	148468.0	88704.0	185024.0	103249.0	396333.0	211394.0	218656.0	5766.0	17953.0	16587.0	62644.0	19153.0	13430.0	116954.0	316764.0	13593.0	10368.0
147675.0	142754.0	87549.0	178505.0	99835.0	382659.0	202275.0	203422.0	5706.0	17574.0	16252.0	60503.0	18753.0	13058.0	114352.0	315295.0	11373.0	8906.0
154784.0	149474.0	88908.0	186171.0	103850.0	394572.0	210219.0	216694.0	5772.0	17993.0	16622.0	62867.0	19195.0	13457.0	117141.0	316449.0	13912.0	10578.0
154611.0	149311.0	88875.0	185985.0	103752.0	395196.0	210636.0	217390.0	5771.0	17986.0	16616.0	62830.0	19188.0	13448.0	117077.0	316492.0	13870.0	10551.0
154982.0	149662.0	88946.0	186385.0	103962.0	400503.0	214175.0	223302.0	5778.0	18030.0	16655.0	63079.0	19234.0	13501.0	117447.0	318814.0	14351.0	10867.0
155683.0	150324.0	89080.0	187140.0	104357.0	405345.0	217404.0	228696.0	5785.0	18070.0	16691.0	63304.0	19276.0	13646.0	118463.0	321026.0	14661.0	11072.0
155768.0	150404.0	89096.0	187233.0	104406.0	404384.0	216763.0	227626.0	5788.0	18092.0	16710.0	63427.0	19299.0	13653.0	118511.0	320533.0	14422.0	10914.0
154412.0	149122.0	88837.0	185770.0	103640.0	398441.0	212800.0	221005.0	5771.0	17983.0	16614.0	62815.0	19185.0	13500.0	117439.0	317558.0	14444.0	10928.0
155899.0	150528.0	89121.0	187373.0	104479.0	422267.0	228689.0	247548.0	5727.0	17707.0	16370.0	61256.0	18894.0	13618.0	118267.0	327577.0	13845.0	10534.0
170334.0	164174.0	91881.0	202939.0	112631.0	466953.0	258490.0	297332.0	5804.0	18192.0	16798.0	63991.0	19404.0	14197.0	122310.0	340216.0	15863.0	11863.0
173411.0	167082.0	92469.0	206257.0	114369.0	458087.0	252578.0	287455.0	5814.0	18256.0	16855.0	64350.0	19471.0	14617.0	125237.0	337430.0	16712.0	12422.0
156881.0	151456.0	89309.0	188432.0	105034.0	398495.0	212835.0	221064.0	5776.0	18017.0	16644.0	63005.0	19220.0	13554.0	117818.0	316915.0	14281.0	10821.0
156329.0	150935.0	89203.0	187837.0	104722.0	399755.0	213676.0	222469.0	5776.0	18014.0	16641.0	62985.0	19217.0	13536.0	117692.0	318610.0	14433.0	10921.0
163805.0	158002.0	90632.0	195899.0	108944.0	425369.0	230758.0	251005.0	5786.0	18078.0	16697.0	63347.0	19284.0	13755.0	119224.0	330443.0	14612.0	11039.0
161072.0	155418.0	90110.0	192952.0	107401.0	430460.0	234153.0	256676.0	5782.0	18054.0	16676.0	63210.0	19259.0	13921.0	120379.0	327988.0	14318.0	10845.0
157640.0	152174.0	89454.0	189251.0	105463.0	418821.0	226391.0	243710.0	5725.0	17693.0	16357.0	61175.0	18879.0	13718.0	118965.0	325331.0	13922.0	10585.0
158855.0	153212.0	87599.0	189884.0	105571.0	373260.0	201692.0	216899.0	7603.0	24278.0	22383.0	87280.0	25884.0	17505.0	152560.0	309999.0	18883.0	14084.0
159497.0	153818.0	87722.0	190576.0	105933.0	381015.0	206864.0	225538.0	7631.0	24453.0	22538.0	88269.0	26068.0	17692.0	153867.0	310246.0	18795.0	14026.0
156049.0	150558.0	87063.0	186857.0	103986.0	371651.0	200619.0	215106.0	7597.0	24236.0	22346.0	87047.0	25840.0	17386.0	151735.0	302219.0	18246.0	13664.0
155943.0	150459.0	87042.0	186744.0	103926.0	359105.0	192252.0	201129.0	7581.0	24136.0	22258.0	86479.0	25734.0	17093.0	149689.0	302252.0	16696.0	12643.0
157071.0	151525.0	87258.0	187960.0	104563.0	368301.0	198385.0	211374.0	7598.0	24245.0	22354.0	87096.0	25849.0	17239.0	150706.0	307514.0	18364.0	13742.0
158808.0	153167.0	87590.0	189833.0	105544.0	383320.0	208401.0	228106.0	7588.0	24180.0	22297.0	86730.0	25781.0	17427.0	152020.0	318375.0	17766.0	13348.0
146724.0	141744.0	85280.0	176802.0	98720.0	341709.0	180651.0	181748.0	7465.0	23405.0	21611.0	82356.0	24964.0	16610.0	146317.0	296585.0	15724.0	12003.0
157261.0	151705.0	87294.0	188165.0	104670.0	381115.0	206931.0	225649.0	7621.0	24389.0	22481.0	87906.0	26000.0	17678.0	153772.0	311735.0	19024.0	14177.0
156182.0	150684.0	87088.0	187000.0	104061.0	360435.0	193139.0	202611.0	7581.0	24140.0	22262.0	86505.0	25739.0	17234.0	150669.0	301991.0	16033.0	12207.0
153948.0	148572.0	86661.0	184592.0	102799.0	349077.0	185565.0	189957.0	7568.0	24054.0	22186.0	86020.0	25648.0	16968.0	148813.0	297442.0	15764.0	12030.0
153931.0	148556.0	86658.0	184573.0	102790.0	355956.0	190153.0	197621.0	7619.0	24378.0	22471.0	87845.0	25989.0	17289.0	151054.0	297736.0	16021.0	12199.0
160659.0	154916.0	87944.0	191828.0	106589.0	379901.0	206121.0	224297.0	7622.0	24400.0	22491.0	87970.0	26012.0	17498.0	152513.0	310892.0	17301.0	13042.0
183432.0	176443.0	92297.0	216384.0	119449.0	447396.0	251134.0	299492.0	7658.0	24622.0	22687.0	89221.0	26246.0	18241.0	157704.0	354901.0	20474.0	15132.0
178676.0	171948.0	91388.0	211256.0	116763.0	430909.0	240139.0	281124.0	7524.0	23777.0	21940.0	84456.0	25356.0	17633.0	153457.0	349892.0	16851.0	12746.0
180849.0	174002.0	91804.0	213600.0	117991.0	436093.0	243596.0	286900.0	7647.0	24553.0	22626.0	88831.0	26173.0	18436.0	159065.0	339091.0	20958.0	15451.0
177629.0	170958.0	91188.0	210127.0	116172.0	415402.0	229797.0	263849.0	7630.0	24448.0	22534.0	88241.0	26063.0	17834.0	154858.0	333810.0	21241.0	15637.0
186942.0	179762.0	92968.0	220170.0	121432.0	446692.0	250665.0	298708.0	7665.0	24668.0	22727.0	89478.0	26294.0	18330.0	158322.0	346700.0	23449.0	17091.0
205688.0	197481.0	96552.0	240383.0	132017.0	513551.0	295253.0	373195.0	7728.0	25065.0	23079.0	91719.0	26712.0	19245.0	164709.0	385433.0	27055.0	19466.0
195621.0	187965.0	94627.0	229527.0	126332.0	466077.0	263593.0	320304.0	7671.0	24706.0	22761.0	89694.0	26334.0	18520.0	159647.0	360890.0	21408.0	15747.0
170446.0	164168.0	89815.0	202382.0	112116.0	397078.0	217577.0	243434.0	7596.0	24235.0	22346.0	87041.0	25839.0	17484.0	152413.0	321885.0	17883.0	13425.0
194976.0	187356.0	94504.0	228832.0	125968.0	489254.0	279049.0	346125.0	7572.0	24079.0	22207.0	86159.0	25674.0	18621.0	160353.0	378689.0	24892.0	18042.0
222653.0	213519.0	99795.0	258677.0	141598.0	525678.0	303341.0	386705.0	7710.0	24956.0	22982.0	91104.0	26597.0	18978.0	162847.0	399983.0	26145.0	18867.0
192516.0	185030.0	94034.0	226179.0	124579.0	472182.0	267664.0	327106.0	7710.0	24956.0	22982.0	91105.0	26597.0	18668.0	160685.0	360729.0	23360.0	17033.0
201030.0	193079.0	95662.0	235361.0	129387.0	508758.0	292057.0	367855.0	7734.0	25101.0	23111.0	91925.0	26750.0	19082.0	163572.0	380080.0	28183.0	20209.0
208718.0	200346.0	97131.0	243650.0	133728.0	535793.0	310086.0	397973.0	7746.0	25178.0	23178.0	92355.0	26831.0	19512.0	166578.0	395356.0	31301.0	22263.0
219379.0	210424.0	99169.0	255146.0	139749.0	534490.0	309217.0	396522.0	7743.0	25159.0	23162.0	92252.0	26811.0	19299.0	165089.0	406205.0	26833.0	19320.0
223343.0	214171.0	99927.0	259421.0	141988.0	535707.0	310029.0	397878.0	7766.0	25308.0	23293.0	93089.0	26968.0	19886.0	169184.0	393487.0	29299.0	20944.0
192381.0	184903.0	94008.0	226034.0	124503.0	461368.0	260452.0	315058.0	7591.0	24204.0	22318.0	86862.0	25806.0	18522.0	159664.0	354885.0	22559.0	16505.0
194193.0	186616.0	94354.0	227988.0	125526.0	460110.0	259613.0	313656.0	7692.0	24837.0	22877.0	90435.0	26472.0	18706.0	160951.0	352741.0	22939.0	16755.0
207688.0	199372.0	96934.0	242540.0	133147.0	517653.0	297989.0	377764.0	7700.0	24887.0	22922.0	90719.0	26525.0	19230.0	164605.0	385211.0	27764.0	19933.0
202356.0	194332.0	95915.0	236790.0	130136.0	494451.0	282515.0	351915.0	7709.0	24946.0	22974.0	91052.0	26587.0	19349.0	165436.0	372858.0	27526.0	19776.0
176418.0	169982.0	94119.0	209849.0	116365.0	406489.0	229746.0	278735.0	6271.0	21784.0	19948.0	85598.0	23177.0	17040.0	136721.0	239702.0	23749.0	17482.0
169642.0	163576.0	92824.0	202542.0	112538.0	380167.0	212191.0	249410.0	6275.0	21808.0	19970.0	85733.0	23203.0	16313.0	131645.0	233674.0	25810.0	18840.0
185340.0	178416.0	95825.0	219469.0	121403.0	435845.0	249323.0	311440.0	6252.0	21664.0	19842.0	84918.0	23050.0	16382.0	132128.0	254265.0	29512.0	21278.0
200295.0	192552.0	98684.0	235595.0	129849.0	480300.0	278970.0	360966.0	6086.0	20613.0	18913.0	78991.0	21944.0	16274.0	131373.0	280539.0	26072.0	19013.0
230907.0	221489.0	104536.0	268604.0	147135.0	555699.0	329254.0	444967.0	6397.0	22577.0	20649.0	90069.0	24012.0	19625.0	154770.0	311312.0	30330.0	21817.0
205853.0	197806.0	99746.0	241589.0	132987.0	478017.0	277448.0	358423.0	6297.0	21946.0	20091.0	86507.0	23347.0	17422.0	139391.0	272984.0	25310.0	18511.0
183982.0	177132.0	95565.0	218005.0	120636.0	406124.0	229502.0	278329.0	6196.0	21311.0	19530.0	82930.0	22679.0	15423.0	125432.0	246323.0	23231.0	17141.0
204439.0	196469.0	99476.0	240063.0	132189.0	479443.0	278399.0	360012.0	6236.0	21566.0	19755.0	84365.0	22947.0	16520.0	133089.0	279223.0	25891.0	18893.0
242300.0	232259.0	106714.0	280889.0	153569.0	572960.0	340766.0	464197.0	6315.0	22062.0	20194.0	87167.0	23470.0	18763.0	148751.0	315967.0	30966.0	22236.0
238409.0	228581.0	105970.0	276694.0	151372.0	589888.0	352055.0	483057.0	6358.0	22334.0	20434.0	88698.0	23756.0	19058.0	150809.0	324101.0	33824.0	24118.0
241042.0	231070.0	106473.0	279532.0	152859.0	612713.0	367278.0	508486.0	6198.0	21321.0	19539.0	82984.0	22690.0	18559.0	147324.0	341505.0	30860.0	22166.0
247626.0	237294.0	107732.0	286632.0	156577.0	607145.0	363564.0	502281.0	6412.0	22671.0	20733.0	90601.0	24111.0	19570.0	154381.0	330642.0	32884.0	23499.0
242407.0	232360.0	106734.0	281005.0	153630.0	564088.0	334849.0	454313.0	6398.0	22585.0	20656.0	90114.0	24020.0	19680.0	155156.0	301991.0	34758.0	24734.0
291417.0	278688.0	116103.0	333851.0	181306.0	780961.0	479482.0	695927.0	6622.0	24000.0	21907.0	98095.0	25510.0	23789.0	183840.0	396568.0	47899.0	33388.0
314897.0	300885.0	120592.0	359171.0	194566.0	826146.0	509617.0	746267.0	6565.0	23642.0	21590.0	96073.0	25132.0	24118.0	186139.0	432896.0	44480.0	31136.0
271161.0	259541.0	112231.0	312010.0	169867.0	744941.0	455460.0	655797.0	6559.0	23604.0	21556.0	95859.0	25092.0	22490.0	174767.0	382733.0	38570.0	27244.0
238398.0	228571.0	105968.0	276682.0	151366.0	623682.0	374593.0	520706.0	6368.0	22395.0	20488.0	89041.0	23820.0	19449.0	153538.0	333764.0	34196.0	24363.0
239677.0	229780.0	106212.0	278061.0	152088.0	612501.0	367136.0	508249.0	6205.0	21368.0	19581.0	83250.0	22739.0	19095.0	151069.0	341128.0	33610.0	23977.0
249726.0	239278.0	108133.0	288896.0	157763.0	665989.0	402807.0	567839.0	6479.0	23097.0	21109.0	93002.0	24559.0	20905.0	163701.0	348817.0	34037.0	24258.0
259859.0	248857.0	110070.0	299823.0	163485.0	700758.0	425995.0	606574.0	6484.0	23130.0	21138.0	93187.0	24594.0	21265.0	166219.0	374481.0	39472.0	27838.0
285269.0	272877.0	114928.0	327222.0	177834.0	779811.0	478715.0	694645.0	6532.0	23433.0	21405.0	94894.0	24912.0	22943.0	177935.0	393278.0	47362.0	33034.0
367526.0	350634.0	130653.0	415920.0	224286.0	1107555.0	697290.0	1059779.0	6833.0	25333.0	23085.0	105612.0	26913.0	29538.0	223978.0	516035.0	59586.0	41085.0
337108.0	321880.0	124838.0	383120.0	207108.0	948404.0	591151.0	882472.0	6669.0	24300.0	22172.0	99789.0	25826.0	25957.0	198972.0	465757.0	51397.0	35692.0
282959.0	270694.0	114486.0	324732.0	176530.0	713479.0	434479.0	620747.0	6451.0	22920.0	20952.0	92003.0	24373.0	22055.0	171736.0	364782.0	39131.0	27613.0
214979.0	206433.0	101491.0	251428.0	138141.0	575294.0	342322.0	466797.0	6217.0	21441.0	19645.0	83662.0	22816.0	18196.0	144794.0	323364.0	27487.0	19945.0
243477.0	233371.0	106939.0	282158.0	154234.0	620850.0	372704.0	517550.0	6452.0	22928.0	20959.0	92049.0	24381.0	20137.0	158341.0	340544.0	32431.0	23201.0
253469.0	242817.0	108849.0	292932.0	159876.0	642342.0	387037.0	541494.0	6453.0	22936.0	20967.0	92096.0	24390.0	20643.0	161877.0	346011.0	36114.0	25626.0
272328.0	260645.0	112454.0	313269.0	170527.0	686705.0	416623.0	590918.0	6396.0	22572.0	20644.0	90039.0	24006.0	20276.0	159312.0	367523.0	36477.0	25865.0
258052.0	247149.0	109725.0	297874.0	162465.0	661600.0	399880.0	562949.0	6404.0	22623.0	20689.0	90326.0	24060.0	20460.0	160596.0	356357.0	35543.0	25250.0
278905.0	266861.0	113711.0	320360.0	174240.0	678370.0	411064.0	581632.0	6398.0	22587.0	20658.0	90126.0	24022.0	20377.0	160022.0	370541.0	33565.0	23948.0
257453.0	246611.0	110124.0	297396.0	162269.0	675226.0	403640.0	555693.0	5856.0	21141.0	19303.0	86107.0	22473.0	17028.0	129618.0	336076.0	34812.0	24861.0
235574.0	225929.0	105942.0	273804.0	149914.0	586971.0	344782.0	457369.0	5653.0	19858.0	18169.0	78874.0	21123.0	15056.0	115849.0	287562.0	30546.0	22051.0
216228.0	207641.0	102243.0	252942.0	138988.0	536441.0	311084.0	401075.0	5854.0	21129.0	19292.0	86039.0	22460.0	15287.0	117463.0	257905.0	32068.0	23054.0
273708.0	261976.0	113232.0	314923.0	171448.0	733128.0	442255.0	620200.0	6015.0	22145.0	20190.0	91771.0	23530.0	19242.0	145075.0	348812.0	43713.0	30723.0
298395.0	285313.0	117951.0	341543.0	185389.0	800109.0	486925.0	694822.0	6064.0	22457.0	20466.0	93530.0	23858.0	20050.0	150719.0	388463.0	41105.0	29005.0
293116.0	280322.0	116942.0	335851.0	182408.0	757013.0	458184.0	646810.0	6042.0	22316.0	20342.0	92738.0	23710.0	18804.0	142016.0	369466.0	39547.0	27979.0
289812.0	277199.0	116310.0	332288.0	180542.0	773927.0	469464.0	665653.0	6035.0	22275.0	20305.0	92503.0	23666.0	19420.0	146316.0	373351.0	43847.0	30811.0
321874.0	307507.0	122439.0	366860.0	198648.0	924500.0	569882.0	833404.0	6132.0	22885.0	20844.0	95943.0	24308.0	22899.0	170604.0	432722.0	50361.0	35101.0
305992.0	292494.0	119403.0	349735.0	189679.0	846343.0	517759.0	746331.0	5863.0	21186.0	19343.0	86363.0	22520.0	19939.0	149940.0	404782.0	39276.0	27801.0
302896.0	289567.0	118811.0	346397.0	187931.0	816848.0	498089.0	713471.0	6111.0	22753.0	20728.0	95202.0	24170.0	20408.0	153212.0	387813.0	43571.0	30629.0
305094.0	291645.0	119232.0	348767.0	189172.0	815673.0	497305.0	712162.0	6170.0	23124.0	21055.0	97293.0	24560.0	21012.0	157429.0	386550.0	45733.0	32053.0
286231.0	273814.0	115626.0	328427.0	178520.0	814262.0	496364.0	710590.0	6166.0	23099.0	21033.0	97151.0	24534.0	20809.0	156014.0	386672.0	47890.0	33474.0
321487.0	307141.0	122365.0	366443.0	198429.0	872634.0	535292.0	775621.0	6187.0	23231.0	21150.0	97897.0	24673.0	22936.0	170864.0	408175.0	47849.0	33447.0
268662.0	257206.0	112267.0	309482.0	168598.0	696266.0	417672.0	579133.0	6003.0	22067.0	20121.0	91332.0	23448.0	17975.0	136229.0	334785.0	35949.0	25610.0
230968.0	221574.0	105061.0	268836.0	147312.0	563540.0	329156.0	431265.0	5828.0	20966.0	19148.0	85121.0	22289.0	15313.0	117648.0	289587.0	30197.0	21821.0
260744.0	249722.0	110753.0	300944.0	164127.0	671959.0	401461.0	552053.0	5706.0	20195.0	18466.0	80771.0	21477.0	16986.0	129323.0	340030.0	30390.0	21949.0
268857.0	257391.0	112304.0	309692.0	168709.0	734030.0	442857.0	621205.0	5972.0	21875.0	19951.0	90246.0	23245.0	18192.0	137745.0	361821.0	36503.0	25975.0
321139.0	306812.0	122299.0	366067.0	198233.0	930081.0	573604.0	839622.0	6127.0	22856.0	20818.0	95781.0	24278.0	23010.0	171384.0	428781.0	50975.0	35506.0
301002.0	287777.0	118449.0	344354.0	186861.0	813051.0	495556.0	709241.0	6052.0	22381.0	20398.0	93101.0	23778.0	20231.0	151983.0	391357.0	42595.0	29987.0
269289.0	257799.0	112387.0	310158.0	168953.0	672736.0	401979.0	552919.0	5988.0	21972.0	20038.0	90798.0	23348.0	18107.0	137149.0	323300.0	33328.0	23883.0
203308.0	195428.0	99774.0	239011.0	131693.0	498484.0	285770.0	358788.0	5860.0	21169.0	19327.0	86266.0	22502.0	14513.0	112060.0	261465.0	26750.0	19551.0
236346.0	226659.0	106089.0	274636.0	150350.0	596175.0	350920.0	467623.0	5769.0	20595.0	18820.0	83028.0	21898.0	14759.0	113778.0	304822.0	34572.0	24703.0
256989.0	246172.0	110035.0	296895.0	162007.0	703721.0	422643.0	587438.0	5745.0	20443.0	18686.0	82172.0	21738.0	16968.0	129195.0	346774.0	37417.0	26577.0
276557.0	264669.0	113776.0	317995.0	173057.0	753518.0	455853.0	642916.0	6040.0	22303.0	20330.0	92664.0	23696.0	18651.0	140951.0	373240.0	42147.0	29691.0
277080.0	265163.0	113876.0	318559.0	173352.0	768852.0	466080.0	660000.0	6077.0	22538.0	20538.0	93990.0	23944.0	19694.0	148227.0	363803.0	46764.0	32733.0
294460.0	281593.0	117199.0	337300.0	183167.0	803049.0	488886.0	698098.0	6091.0	22624.0	20614.0	94475.0	24034.0	20112.0	151148.0	386511.0	46259.0	32400.0
270737.0	259168.0	112664.0	311719.0	169770.0	749483.0	453162.0	638421.0	6097.0	22665.0	20650.0	94705.0	24077.0	19488.0	146794.0	353619.0	45582.0	31954.0
238330.0	228534.0	106469.0	276775.0	151470.0	682750.0	408658.0	564076.0	6031.0	22245.0	20279.0	92337.0	23635.0	18757.0	141687.0	309452.0	35485.0	25304.0
228058.0	218824.0	104505.0	265699.0	145669.0	606692.0	357934.0	479340.0	5884.0	21320.0	19461.0	87115.0	22661.0	17238.0	131081.0	283258.0	38645.0	27385.0
273351.0	261639.0	113163.0	314538.0	171246.0	753668.0	455954.0	643084.0	5850.0	21102.0	19268.0	85889.0	22432.0	18437.0	139454.0	362018.0	39472.0	27930.0
278429.0	266438.0	114134.0	320013.0	174114.0	734614.0	443246.0	621856.0	5998.0	22039.0	20096.0	91173.0	23418.0	18263.0	138238.0	356146.0	35802.0	25513.0
